# 3D truss verification problem 1
#
# number of joints, bar, reactions, loads
16  42  6
#
# coordinates of joints
1   4.0   0.0   0.0
2   8.0   15.49   0.0
3   7.0   25.44   0.0
4   8.0   35.39   0.0
5   7.0   45.34   0.0
6   8.0   55.29   0.0
7   8.0   63.29   0.0
8   0.0   63.29   0.0
9   0.0   55.29   0.0
10  1.0   45.34   0.0
11  0.0   35.39   0.0
12  1.0   25.49   0.0
13  0.0   15.49   0.0
14  4.0   15.49   8.66
15  4.0   35.39   8.66
16  4.0   55.29   8.66
#
# connectivity of bars
1   1   2
2   2   3
3   3   4
4   4   5
5   5   6
6   6   7
7   7   8
8   8   9
9   9   10
10  10  11
11  11  12
12  12  13
13  13  1
14  2   13
15  3   12
16  4   11
17  5   10
18  6   9
19  1   14
20  2   14
21  13  14
22  3   14
23  12  14
24  3   15
25  12  15
26  5   15
27  10  15
28  5   16
29  10  16
30  7   16
31  8   16
32  15  16
33  14  15
34  2   4
35  11  13
36  2   12
37  4   12
38  4   10
39  6   10
40  6   8
41  2   15
42  13  15
#
# reaction forces
1   1.0   0.0   0.0
1   0.0   0.0   1.0
7   1.0   1.0   0.0
7   0.0   0.0   1.0
8   -1.0   1.0   0.0
8   0.0   0.0   1.0
#
#linear density of bars
0.002652
#
# average joint weight, max load
0.0184   1.079
#
# end of file